261.46534653465346 2163.2195837510367 0.012768528750783726
276.9513951395139 2302.9581529370744 0.012538932758082344
293.43654365436544 2342.152142365658 0.012329104033006603
310.9207920792079 2479.727293473459 0.012151394017654298
329.30423042304227 2615.9035106675424 0.011998779483380009
348.8865886588659 2747.738431683703 0.011880008290770613
369.76777677767774 2982.3364060553527 0.01178745872794168
391.84788478847884 3103.2997440215813 0.011732567356514489
415.0270027002699 3322.0898345598225 0.011715723283349536
439.60486048604855 3529.2569204267324 0.011739495907559388
465.88118811881185 3721.2467139373225 0.011808598704149064
493.5562556255625 3894.5276157678204 0.011927947534865452
522.8298829882988 4254.027664859756 0.012100472547243795
554.001800180018 4377.453607420518 0.012332913553276374
586.7722772277227 4672.565466239714 0.012628775615886828
621.8406840684069 4924.519547251191 0.013002447062944874
659.2070207020702 5316.945787730215 0.013459576875609466
698.2718271827183 5559.502370415279 0.014001499641855195
739.5346534653464 6002.724516426474 0.01464092146949935
784.094509450945 6275.218728415693 0.015405671779228903
829.8532853285328 6713.826967749295 0.016269263468846797
880.0081008100808 7110.063568190462 0.017304990928311472
932.5607560756075 7540.18044131737 0.01848247058627967
